		 ORIGINAL INPUT TABLE
	-----------------------------------------
	|	ID	|	Donation	|
	|---------------|-----------------------|
	|	999	|	9548		|
	|	123	|	4565		|
	|	346	|	5549		|
	|	888	|	7516		|
	|	454	|	2588		|
	|	666	|	5428		|
	|	842	|	1000		|
	|	685	|	2200		|
	|	968	|	255		|
	|	111	|	9999		|
	|	555	|	5555		|
	|	777	|	7777		|
	|	333	|	6842		|
	|	741	|	1523		|
	|	852	|	9521		|
	-----------------------------------------

		SORTED ID TABLE
	-----------------------------------------
	|	ID	|	Donation	|
	|---------------|-----------------------|
	|	111	|	9999		|
	|	123	|	4565		|
	|	333	|	6842		|
	|	346	|	5549		|
	|	454	|	2588		|
	|	555	|	5555		|
	|	666	|	5428		|
	|	685	|	2200		|
	|	741	|	1523		|
	|	777	|	7777		|
	|	842	|	1000		|
	|	852	|	9521		|
	|	888	|	7516		|
	|	968	|	255		|
	|	999	|	9548		|
	-----------------------------------------

		 SORTED DONATION TABLE
	-----------------------------------------
	|	ID	|	Donation	|
	|---------------|-----------------------|
	|	968	|	255		|
	|	842	|	1000		|
	|	741	|	1523		|
	|	685	|	2200		|
	|	454	|	2588		|
	|	123	|	4565		|
	|	666	|	5428		|
	|	346	|	5549		|
	|	555	|	5555		|
	|	333	|	6842		|
	|	888	|	7516		|
	|	777	|	7777		|
	|	852	|	9521		|
	|	999	|	9548		|
	|	111	|	9999		|
	-----------------------------------------

